$7352941
2.03
3.69
5.23
6.75
8.2
9.64
11.07
12.46
13.75
15.01
16.29
17.55
18.79
20
20.87
21.53
22.17
22.82
23.47
24.11
24.76
25.4
26.05
26.69
27.34
27.98
28.63
29.27
29.92
30.56
31.21
31.85
32.5
33.14
33.79
34.43
35.08
35.72
36.36
37.01


$7352941
2.14
4.06
5.88
7.69
9.46
11.16
12.84
14.53
16.22
17.87
19.47
21.08
22.64
24.16
25.34
26.02
26.66
27.3
27.94
28.57
29.21
29.85
30.49
31.13
31.76
32.4
33.04
33.68
34.32
34.95
35.59
36.23
36.87
37.5
38.14
38.78
39.42
40.05
40.69
41.33


$7352941
1.9
3.96
5.96
7.9
9.8
11.64
13.49
15.3
17.1
18.85
20.45
21.24
22.02
22.79
23.55
24.32
25.09
25.86
26.62
27.39
28.16
28.93
29.7
30.47
31.23
32
32.77
33.54
34.31
35.08
35.84
36.61
37.38
38.15
38.92
39.68
40.45
41.22
41.99
42.76


$7352941
2.46
4.4
6.17
7.84
9.49
11.14
12.65
14.22
15.79
16.81
17.67
18.52
19.36
20.21
21.06
21.91
22.76
23.6
24.45
25.29
26.14
26.99
27.84
28.68
29.52
30.36
31.2
32.04
32.88
33.72
34.56
35.4
36.24
37.08
37.92
38.74
39.56
40.38
41.2
42.02



$7352941
2.54
4.9
7.13
9.21
11.23
13.19
15.15
17.1
19.03
20.93
22.47
23.98
25.19
26.02
26.86
27.68
28.51
29.34
30.16
30.99
31.81
32.64
33.47
34.29
35.12
35.94
36.77
37.6
38.42
39.25
40.07
40.9
41.73
42.55
43.38
44.2
45.03
45.86
46.68
47.51


$7352941
2.4
4.71
7.06
9.21
11.34
13.47
15.6
17.67
19.73
21.73
23.75
25.77
27.74
29.64
30.55
31.43
32.3
33.17
34.04
34.91
35.78
36.64
37.5
38.36
39.23
40.09
40.95
41.81
42.67
43.53
44.39
45.26
46.13
46.98
47.84
48.7
49.56
50.45
51.34
52.2


$7352941
2.66
5.08
7.36
9.57
11.66
13.78
15.8
17.89
20.1
22.16
24.18
26.27
28.28
30.14
31.07
31.97
32.88
33.78
34.68
35.59
36.49
37.39
38.29
39.19
40.08
40.98
41.88
42.78
43.68
44.58
45.48
46.38
47.28
48.18
49.08
49.98
50.88
51.78
52.7
53.61


$7352941
2.1
3.89
5.63
7.72
9.77
11.46
13.09
14.68
16.37
17.53
18.46
19.38
20.28
21.19
22.12
23.04
23.95
24.86
25.77
26.68
27.59
28.49
29.4
30.32
31.23
32.14
33.04
33.95
34.86
35.77
36.68
37.59
38.49
39.4
40.3
41.21
42.12
43.03
43.93
44.84
####
###
##
##